864,249,634,617,71,745,594,534
263,462,301,446,33,820
537,783,327,602,169
505,314,99,258,290,473,462
519,914,487,720,923
605,415,852,861,422,447,360
779,301,37,439,898,818,14,36,454
55,163,70,850,510
457,643,540,379,974,996,714
23,80,789,193,973,11,167,939,498
729,934,486,782,662,117
159,510,840,980,467,81,431
391,489,305,941,813,685,292,523,451,138
597,172,432,124,335,249,401,475,246,967,911
77,751,843,442,738,793,487,668,190,357
766,212,567,773,216,888,251
305,406,993,414,32,248,395,786,663,712
653,40,490,98,539,145,650
693,411,634,810
655,302,64,516,571,799
5,659,325,777,922,837
398,950,775,734,649,916,355,307,310,822,396,253
313,945,564,585,206,302,249,521,854,808,47,273
345,675,854,378
583,844,551,455,949,374,16,33,652,546,599
948,961,814,176,281,37,545,780,126
562,93,383,968,334,658,342,275,519,535,973
258,356,725
59,51,352,166,841,889,134
384,310,255,266
459,543,382,163,209,127,704,457,619,864,142,946
135,138,379,733,260,519,475,899,301
297,643,495,92,97,93
486,779,43,527
345,827,4,833
266,854,906,568,252,695,806
379,755,305,22,664,116,862,224,860,312
6,836,727,321,419,123,943,917,349,19,222,630
296,466,701,493,525,764,470,610,509,403,606
165,355,195,393,265,258,179,226,734,124,960,380
563,191,563,911,862,638,586,868,5,951,488,128
821,480,354,102,205,551,949,27,125,292
991,8,555,951,134,866,548,563,310,457
764,353,276,398,547,252
181,759,975,188,866,333,984,658,187,631,699,312
643,844,137,442,557,374,561,106,14,627,539
229,352,341,434,846,939,282,859,551
442,197,591,150,929,358,448,475,75,875,185
337,470,954,683,665,37,447,854,259,449,939,586
604,475,620,171,323,488,217
159,899,313,812,687
768,652,736,957,184,915,135,913,374,908,832,47
882,444,376,400,414,122,317,324,813,627
445,231,378,793,634,643,923,363,684,39,903
153,855,172,113,800,91,885
183,422,615,433,440,765,433,328,133,268,782
129,423,735,193
812,953,851,73,113,232,298,146,505,702,874,437
546,238,732,641,323,641,91
874,4,271,833,859,478,526
410,187,997,423,276,870,48
651,343,334,623,18,736,534
484,567,367
780,111,509,596,770,98,810
535,690,504,845,668,299,100,973,767,682,389,399
251,654,189
981,391,541,368
476,37,223,997
948,728,228,528,719,199,672,485
338,916,686,608,793,450,418,86,670
844,294,425
486,989,455,686,74,744,546
83,597,704,714,700,352,907,53,971,888,306,446
324,212,81,923,408
468,398,481,397,356
234,567,840,329,417,576
710,488,504
373,730,77,939,900,822,215,310
8,374,100
581,182,133,314,739
703,941,32,465,856,405
222,600,898,612,465,191
858,461,523,922,85,140,1,133
26,526,410,149,229,342,986,826,557
844,874,9,90,467,804
576,728,209,956,143,669,316,665,102,27,161,571
735,278,922,934,192,658,559
718,735,225,261,241,883,886,399,856
932,442,804,408,697,947,954,75,692,79,229,469
619,85,818,777,921,462,981,880,404,362
214,346,735,334,444,984,713,151,340,999
941,458,626,153,243
4,719,988,911,215,611,748,393,693
690,226,541,965,804,9,859,234,790,763
681,278,515,659
100,883,712,617,853,159,710,945,791,571,928
144,390,850,995,70,205,623,528
425,509,675,662,305,929,680,981,900
387,846,18,794,392,320,655,672,120,770,274
993,950,654,242,985,925,592,942,39,343,811,708
264,986,584,105,32,435,796,283,705,352,524,310
265,120,756,510,369,210,990
409,661,737,307,177,735,947,706,906,354
391,12,967,83,449
153,429,420,422,623,170,609,7,162
14,742,688,166,257,582,931,123,822,752,480,164
183,200,899,280
777,220,78,919,955,737,692,449,186,85,521,585
525,141,105,567
955,221,967,443,909,865,457
350,529,313,390,470,367,169
759,249,97
807,415,199,302,167,586
419,711,925,711,747,653,436
887,740,852,520,279,111,873,757,663,850,174
520,616,506,993,276,344,505
54,297,286
421,156,474,755,329,933
407,516,399
843,284,143,747,376,462
634,439,597,534,476,82,708,66,456,500,294,404
149,588,893,234,756,516
629,109,371,579,898,360,260,7,156,687
552,35,536,816,774,842,511,108,310
268,355,311,516
90,611,584,398
324,641,917,697,461,277
567,788,684,677,800
227,473,351,380,296,830,335,147,116,337,609
63,554,932,411,573,601
352,551,692
337,144,881,18,812,194,93,129,384
725,987,35,591,745,76,859,929,582
897,540,57,690,286
702,7,380,620,482,21,652,48
865,328,868,798,335,959,796,454,550
925,918,976,226,124,986,133,482,116,410,199,42
829,660,849
450,551,359,670,794,811,707,591,116,421,912
218,443,107
212,599,851,51,998,200
270,668,862
915,694,104,13
56,42,126,96
480,228,471,72,173,699,826,178,31,46,549
565,866,623,566,527,824,402,500,920
634,468,211,388,559,891,224,677,276,531,679,699
707,766,704,551,973,129
582,147,934,111,6,225,968,75,51,492,580,596
688,643,894,715,332,574,176,477,537
