431498298852923301894348211586581286290536940127574890013428221421058611330725005378189446267677597
888289143364286273114964612997949178017675686391748600155578226253110777124677128491340320611361231
581398445753261115083199342735634030107529220274765025858221645301469317844639755135543846412033826
287326805703167707427684844289830227786541957192212704021440886441100304704565412260984803108568248
474685196507627077907733731855734770865205405875724389944820841375672722918257283505075216761743042
124766196564838067971061784989318004105393897946013307494139255802841478303162478483427982075224675
806339259042349018922393629467475284469372919543488469336287024970056909497069674524147583870362509
764752839831563119540636732934842271745323656094978771693274005982014510281467158501704967995797835
470140110023521761377770077366513206310012531315548592720348037245281106771915617383859232157402519
632814250065719621354966386419328860442589686920211675928044079622629168400793088584648082246062591
870732583465294338990768858036893427684305442570439997412304874938465240887104479972731701664018664
563157262799658755429079281650278457248856883361881461579527999261735387718558829395758539507688064
301311177122056652696905372486632379851800493500121609433332380235476048180276938601882447122682835
312230794508485607902983171631442389277012104587079474989312040971728503529512827639709484649784479
517250656264528720879579294322820343197489648436412917891465844826776016952969253130799469931391402
261021089329973563108890802106765976520678617606559995710508152529816774177937033436173538377592153
660213383194599236411708738984612111300907417903096466263025530385599950547277128470000325205478625
457536813705965208797554779258225086873311412315423521315200656220665149051710778594772082436553053
852149940579771039007966231367042744530872154339168255852555748823223714765765306328100898476319872
942092009174323756494657618831501845528868645279573150321235656865924354556636673418655456232907646
001476189928940042787609848275102373220192806400643007974074421372787915496155176375469935260390602
827514314833468653121713249877493518756971947947499099034627997120031285264363649094709055788169875
365033162953973473944141216022002188381209663006898712341643948424514948850827277937481212838400705
053629466608350361951932251317683740884748257808276246554499820825680171179213734978171058850483392
449746238523515639158130101506887320084696919735485387260262682784679739400560588625951161245605109
261190036698731674651954572522464335240941538818338387652009996448933052396201206958976466811149182
099349246477416424244560270726612169870989519080967863842417897523832254326783148955173043220588579
114831010087720236897523968233272063147008511972703359172465832000332754798143739992249272907475131
605403844093114838213839152070320696572962271750812281729712618727512860811972582863890144364228506
458622814685563496800331762734940253402728779598580568361028412582306190837114250639747213272606958
637536333038073399005509155600956949089842428797897809274657847780907277257811446115836420180803786
434366718472874374324935278792414627159475589719188720658195194158625369910794495659069843431005717
143021590358765423323901562403053699480887835587865410819057124097436563318610725648661131015880059
786722426308002701256173011012767675284890685453485909588580022597996406132891470350178208389776697
089621819370578720577751109639338935712081582236701211265710994681302635892502173958056770052908566
159541561739156875742385349256379831523329064801080573807361125386682513985792805499837824522783430
068024181750691616208739741137953643986975646637999769903548416381634600720318172000355051188206011
575097938586852085252175655839799105254205701054786937134336740853277353327624892670027569619574321
825288815034907164718061054246537156125774980230548349538385315786375506538688322696405073487972310
666215631638714818624349152255523431655103837203921365956918238213353337350256137147696707207895968
889624497681607953257618206351982847294347375850014431159620199664074259950770495652266695658514951
589440989584409029157962490911415323304147104938780222794994567955072837238552841271708939553828700
671612931604912370661596551108759659080917306940555940846817160205043823856490608490499015744454676
074118739805013928641643124831270032699319420068051760644436616070591547344581042422367409730967220
034882355528307535811376341440643000381862642917288151858816711351795621555459559680091469003887018
030358871216449334162688071218395604768613958628278436019878045691531915040866904429861152646461535
462953388265045797429136531912771293689739870127088933197602859177693096255976291832694645928461923
007745245228215430878541831280195124472818510125888017493237111816564661547063178984566766099106536
400601413322344348547108922343018551018480135173975951888216518247050809731851228834505044391497513
649136403778044300989959626644326040723754950587723461914976593778628684670429373661883370360391755
628114548350648370298503973514072286787346923457937245602519135756032017000356736892085932195339347
659765743608921700870592381521470551518426408292560028427534161346171833328937713475051120665005198
265576414415283271808448659881703261557871143147092910851069669558971773856653426893931738691710424
314117745795971494805257357858369740371699904221835964641897705359025390227464312092700714797140620
106867941667821891655746035790688605795088715323114313313783541745949419909949770992657362815297142
631574100874737694178397559917941560065912131554591153611515460062041713064735397302023635778268218
409940364449593689694035072578089025162689357693298046161844272487379060105352443351107918419887631
902419947618761216862603202373555422547041890363397893964434397471084199656240907924693853690192920
550040300884850558048071341550408495980226024662740405372935868202012250637427516759933597466914899
929245356541085211763430114440136923480884350126707424937966687563145974267210599165088014901961840
108875839753924215797783222472519681885899123602383384328997629892180836100580856442190850040027332
062329722672940936128711758596188520771771384679436776537049052521639904320094491544983716643700212
204366168617588187298142554991425497848014401439652021010174888408888514549146509824312617554581219
042113026772936651443266951775064966346037630620876551489374951301285067092536653055802549633814906
711827375678144523817788598835454373745185023028967315019076229694776044844118888007060150178110887
723268881414858992565458188519289550162284475795746113650992076084136316490795036494971533704268943
857756632001157810568993781589004525323019400358830879608274351086141657892935757530576294451311957
722123229645090607051505828454433643609130031729643411825888774714159545328198627354742546955792078
069158268884093695419517487155189691365155813958379570174168145435097887475177659045701664563692147
784372427696099689165520727287866760492271538463387418815214558310813179226097363875550660781424938
083440964865078234524689536005920258422693530370699139360791255458370689957352816361098930548703795
361623782806798434173774168106167298614276051356726192476518470390159804339785040145976960994512336
123101070838319757985135727741253480837072608203324815603832263296910619565074033671064287773104108
956176031547594937609827727560739545156993844424118291560886605935110540798312160946948394114457591
215779751696179339188768245542341596348530274770312673634785162008156258400555821195461242365199203
961104676744630136472546518434319243421522291393097303462666208773795079762003251114399901213597174
538294015335544192323956652476910952327855679330776016503185177441541003930171582251483606642783232
632859963907690965703188597159782649460600520547576178693343474198626406292720296263876083839559644
524164574739429953652070006586301612802600662096230482639420907082894121380761344080105435789336716
921255562780962236993520841761935088924642573142043856750364959566476708232260375682295730729222423
845701318468607025221273341294687616676773628542456407685945183296840783678675547227586626181651808
170301155520743520073104386561353042368934557269614588009093376940805740796870732269822488545852220
276657003164828374455576096832286983788307300517367900036906362024661620704746009841336333762392383
871708562294578027072812747198418627559384325514137390365800036015680692447562607297509809536649310
314479629724952810967837359813343491414441846323308556387977736403141098238828818494170137002738934
437684332287083010959159749492640276938136171662019364710099979058332015338596449428214039539172440
894969705139943685313637664972667950384064272674174378188193103950764799916739792976995209724695008
999061965027428722537280820745396913356513858150149992557993722564239919777312994700734856652400568
744900930342167444011869699068301444614071120984068587491275779233960276578398632060778138666889979
652094228776584538120710876227590888256217303568839076732944206794070776846798986268880494958494619
302352437977886988688085236301882068500818414332055950138599233021541862327650556181266545551122618
564221779250406912036547308620352078045562282087980435323857289280778104659518253978680355308875446
598724634927860304414472809894202825528829410037163726279929972754066647651830678482273119852059465
300755185079894054334754344600666261145387871914922993988163172414768551996738732927841117853692477
000744659460008879957695447540183738026198149070178060786409644214563371889238124338247848986493409
654792157171999701919712289604706033910963520729077900082660397136374776554062528967918281575802447
725717007515515720471466991781632119072847024918773287221767879701299736139960400231598843555801543
222402764849454034945520530219903663273752857646921838701867555835143183624596344118051796439222163
121664914061539913942691660107608131061741358079251997556644610182972057810395969766031420611893367
