3643
3614

4744
5696
3400

9262
4155
2674
9238
6213
8125
6262
6585

4094
6270
6651
3623
3785

2828
3277

3454
5864
4251
7221
2173

6274
5759
1046
3294
6374
8882
7346

9051
6703
7373
7817

3055
2022
1466
2255
5403
9489
7669
883

8206
5298
1301
6855
8587

3573
1004
7839
1393

5075
7104
7502
4931
9004
2956
1236
5260

1721
9309
8611
8416
3730

3427
2869
7563
4469
8857
7280
2061
5652

5858
8470
1181
3913

3843
5093
9485
6011
7815
6077

5674
1010
4690
5957

3032
8584
5525
1372
7114
6204
7251

4629
5905
4725
6844
8244
8259
2599

4884

4388
1925
6462
1486
2883
4824

3945

6724
6883

4078

1502
7934
9204
3044
3713
3822
5216
4369

997

7125

7665
3642
8066
4349
3479

7167
7737
2981
6882
2759
5336
6097
6420

2618

3812
9493
6005
9351
1774
7465

1513

5240
3207
3521
3520
1015
7563
2281

8649
5305
4164

7344

8575
4736
5001
6779
2972
5792

2288
1685
8622
8128
1692
3525
6518

1936
3591
4291
9352
2802

6624
8089
3232
7758
2516
7710
5245

6514

2719
5340
1459
3349

3419
6949
2698
4258
5894
4028

5687
2783

8526
1071
1467

6116
2352
4897
3919
5505
4260

8117
4007
3499

5643
3686
2962
5395
5472
5385

4616
9495
9372
8039
5973
1931
3774
7459

2318
3173
5669
3044
1844
3430
6242
3184

6262
5634
2720
7144
9450
1266

7933
9403
9126
6870

5133
3914
7057
1084
6756
9271
1148
2835

1413
6351
1225
7149
4860
6437
8106

5554
4147
4375
1756
2945
7733
5405

1839
5015
7949
8774
5766
4086

6925

4009
6637
1279
6299
2693
4283
5017
3578

6392
833
9149
5231

7462
2614
8732
3903
6376
5085
5389

9152
2006
1488
3304

3835
5955

8760
8018
2437
8617
5308
4513

1500

6675
5201
2712
9081

8537
7298
5162
6996
6485

7749
4193
3341
8470
7853
6972

5025

9107
2804
1769

5088
4446
6078
3350
4039
4259

6237
9326
9108
5335
6566
7926
5243
7982

9415

8990
2172

4986
9311
8278
4341
1070
7530

5544
1146
6997
1755
1078

8704
7581
5097

7733
1358
7066
3267
7894
7672
7916

5126
4793
5094
3180

8475
2434
2109
4683
5911
1051
6772
1425

3941
8413
1776
7166
2542

6583
1560
7654

2393
5476
1248
5737
4158
3302
5331
5649

3912

4725
7996
1343
5733
1515

7339
8146
2162
8742
3493
5278

1140
5324
5583
3289
1338

2292
9466
7478
9492
4475

1808
4286
1810
1683
7797
4610
3685
3314

8197
9462
7833
3253
8953

8798
2735
4721
8068
875
8529
9300

4109
3600
7061
2342

2663
9023
9070
2897

1374
1282

7204
9411

8605
7435
2669

4208
4720
8916
9268
6639
1084
8894
2192

2913
2170
5903
3377
4916
8489

2781
5629

2131
1254
5531
5841

1699
1266
1485
8559

8691
1164

2078

8009
6172
2739
1895
5700
6383
1592

3764
6372
1148
4879

9006
1962
2043
2566
1678
9357
1780
8475

6516

1832

8417
7691
2298
7963
9373
1344
9268

1441
7732
6441
8124
8792
3547
2431
3479

5712
4562
3598
5849
6402
5524
4233

6979
6283
7660
2096
4308

5477
7425
2618

9492
4018
3472
1095
6752
7124
3724
6400

4086
1227
4104
3050
1050
4063
3588
5713

2359
7402
8124
1606
970
831
3222

1116
2964

3444
7132

6082
7901
7704
5910
1550
8371
2775

7251
8855
6995
5513

5791
1955

3366
1180
5289
2827
6870
6103
5903

4279
6809
1685
2184
8639

1612
1235
6258
6433

3602
8158
8079
3803
2433
1485
7088
1507

6743
9492

5747
3810
5444
5340
1099
2513
6132

7005
3529
1436
6387
2462
4480

8808
6437
5317
5360

6665
2174
9383
3599
4952
1032
995
8798

1528
2840

3523
7215
1626
5682

4668
8843
8865
1903
8878
4801
2632

8533
7338
6975
5155

4218
9351
7395
2568
5112

4908
2733
1825
4487

4955

8784
8615
7792
4090
7766
6781
2091
1124

1708
1061
1709
3716

6502
2124
7349
2436
8712

4613
6657
1554
3549
2185
5669
4197
6779

2454
1505
6418
4963
5106
5087

5520
8831
8786
1416
1058
5675
7373

8834
1939
1862

2219
1506
7055
4552
4081
2463

1918

1117
2239

7038
2490
5091
6674
8672

7978
7269
8391
5738
4783

8675
4026

2193
6972
2139
3607
7240
4025
4504
9157

2344
8892

6051
8695
5472
7431
2695
1373

4314

7453
9177
6961
8234
8651
6911

8943
2187
5778
1027
6156
7308
7636

4183
7063
1640
3024
7781
7208
3207
2344

4258
5305
6433
2356
5337
4275
4661
7532

5341
7399
9152
8844
3356
5999
900

1707
5660
6558
6583
5452
5786
4093
9025

2409
4659
3703
4262
2003

6047
816
2633

6491
1175
4868

8494
6380
7956

9284
5610
8452
1075
5949

8997
2833
6632
5335

5808
7541
6990

5994
3831

5252
8886
2296
4031
7862
8845
4234

8477
7669
7565
3558

5914
1944

4118
8253
5129
1116
2292

5600
5045
7962
4780
7662
2846
985

3293
8742

5028
8615
7966
7663
3023
5257

3954
8495
4495
3843
6290
8271

5879
3014
8296
2399
6038
7054
4673

5333

6037
8162
4391
4313
7833
3351

5160
3465
4782
3240

7906
1149
7977
6844
832
6366
7015
2563

2129
5949
1449
1198
8839
1068

9467
1588
6540
4972
2896

8167
3692
1885
5475
3406
8744
1826

9259
5586

5612
1051
1664
9246
6300

1478
7304

6628
3296
2367
2755
3230
6329
8831

3008

8528

4648
1559
9477
1637
4672
8934
5066
6617

5982
1863
2382
1618
6772

8993
5150
7569

5357
4983

8376
1727
1910
5902
6079

5123
6317

3183
6317
3332
8805
976
9369
4288
9333

6194
7262
1971
3168
8887
8285
8675

9009
8294
2068

3472
9232
4320
8339
976
3877

7592
7674
8277
4818
5366
4468
4184

1430
6824
